(527 351 551 361)
(384 468 411 489)
(547 294 566 307)
(910 172 929 190)
(409 238 434 248)
(677 768 705 783)
(864 215 879 238)
(961 184 974 208)
(469 837 496 861)
(732 616 742 637)
(755 237 779 259)
(63 940 80 958)
(381 528 408 546)
(964 69 992 89)
(464 847 474 869)
(777 846 801 863)
(323 659 349 671)
(456 31 478 37)
(252 240 266 258)
(742 392 761 409)
(607 796 631 815)
(330 946 353 961)
(890 419 919 439)
(683 508 698 522)
(735 167 745 170)
(772 736 800 763)
(712 413 718 416)
(829 51 858 77)
(128 330 157 352)
(475 927 487 941)
(921 59 945 87)
(409 852 438 868)
(391 577 414 599)
(123 173 143 186)
(292 780 317 807)
(452 786 479 815)
(537 74 565 101)
(943 46 970 64)
(732 163 751 176)
(226 306 244 330)
(591 834 604 849)
(478 863 501 876)
(710 408 726 432)
(59 450 79 467)
(973 165 990 183)
(768 223 794 250)
(254 654 278 667)
(157 961 176 990)
(965 552 984 571)
(521 805 532 824)
(729 906 748 933)
(210 340 227 357)
(345 447 372 469)
(957 562 968 591)
(655 610 678 622)
(469 206 486 221)
(717 448 745 472)
(494 88 523 105)
(906 982 932 993)
(865 539 888 566)
(308 521 335 541)
(746 452 766 466)
(831 632 850 652)
(81 119 94 141)
(367 881 377 909)
(672 435 684 451)
(171 727 192 747)
(143 28 155 51)
(618 127 641 153)
(914 36 930 55)
(353 827 364 851)
(593 308 611 328)
(105 433 124 460)
(843 818 870 843)
(562 275 586 295)
(334 185 363 214)
(756 32 780 49)
(796 388 814 413)
(862 122 872 150)
(297 776 313 798)
(233 80 258 100)
(903 335 928 347)
(396 481 411 496)
(939 112 952 125)
(740 842 752 858)
(941 902 960 927)
(439 495 452 520)
(799 753 820 772)
(764 110 793 125)
(179 241 192 256)
(799 328 818 354)
(194 262 208 291)
(305 169 325 195)
(978 563 998 587)
(292 254 299 269)
(409 350 425 368)
(943 712 953 734)
(667 975 694 990)
(652 39 676 62)
(61 13 76 37)
(31 646 47 674)
(13 738 31 752)
(913 417 939 434)
(56 302 70 330)
(675 758 698 771)
(427 237 448 257)
(871 205 890 230)
(563 88 588 113)
(923 371 940 383)
(26 127 39 154)
(875 293 903 308)
(767 409 781 430)
(390 419 418 444)
(438 211 458 221)
(160 41 180 62)
(754 302 775 321)
(146 930 167 943)
(806 77 816 101)
(390 722 405 738)
(339 81 355 99)
(453 442 469 459)
(880 714 908 740)
(952 929 981 954)
(843 432 857 443)
(620 343 649 365)
(102 576 128 592)
(10 682 23 698)
(81 896 99 906)
(884 555 899 581)
(70 784 80 796)
(32 428 51 441)
(14 926 28 946)
(219 107 237 120)
(517 57 546 85)
(658 788 669 815)
(273 315 283 330)
(598 306 608 317)
(797 408 809 433)
(156 204 163 214)
(40 534 65 557)
(649 872 665 888)
(271 648 296 667)
(856 10 866 21)
(916 155 942 172)
(845 635 865 651)
(186 217 206 232)
(756 742 775 764)
(399 409 413 431)
(57 166 77 186)
(975 560 995 575)
(89 81 101 92)
(478 336 500 347)
(772 305 787 329)
(940 556 962 566)
(539 912 555 936)
(910 408 924 431)
(473 843 487 872)
(819 883 834 899)
(948 481 977 498)
(761 34 771 46)
(171 456 181 470)
(705 463 723 479)
(483 845 509 865)
(254 244 260 253)
(955 182 983 211)
(156 377 173 397)
(471 680 497 704)
(652 64 666 83)
(356 477 370 496)
(233 48 247 61)
(827 547 852 561)
(385 294 400 311)
(635 285 650 297)
(181 217 191 241)
(447 681 459 695)
(21 543 37 555)
(170 336 190 362)
(232 237 252 251)
(40 387 59 399)
(216 813 231 838)
(806 393 816 416)
(234 192 262 205)
(917 40 923 56)
(430 827 448 847)
(684 251 709 261)
(114 340 126 355)
(597 187 617 203)
(598 954 617 964)
(370 75 398 100)
(96 772 125 799)
(969 178 980 206)
(618 458 640 474)
(533 62 559 85)
(445 80 469 107)
(171 749 194 774)
(427 251 450 276)
(780 317 798 339)
(613 684 631 700)
(153 408 165 421)
(290 884 294 896)
(500 90 529 113)
(628 320 655 339)
(387 257 397 274)
(967 799 986 815)
(397 124 407 144)
(770 10 796 32)
(925 362 953 381)
(528 959 550 979)
(876 165 895 185)
(20 934 31 949)
(67 588 87 600)
(925 7 940 19)
(121 186 147 196)
(425 208 446 221)
(871 570 883 599)
(882 261 893 290)
(938 206 965 223)
(386 485 396 513)
(198 932 209 951)
(173 347 193 373)
(260 222 279 241)
(208 592 231 604)
(879 526 900 542)
(211 691 231 704)
(950 394 961 417)
(289 642 304 659)
(340 81 356 108)
(813 968 836 987)
(160 938 180 950)
(29 33 48 50)
(896 270 914 295)
(781 750 802 768)
(298 598 309 608)
(261 871 276 898)
(294 497 316 522)
(362 53 377 73)
(850 193 872 213)
(317 205 345 220)
(670 848 688 860)
(925 379 944 402)
(434 745 450 763)
(388 4 400 16)
(969 97 991 117)
(269 834 296 858)
(574 828 595 851)
(415 229 441 247)
(196 688 225 709)
(149 52 169 63)
(957 620 981 642)
(962 720 975 744)
(674 441 694 469)
(948 395 972 423)
(100 721 120 744)
(814 573 826 592)
(757 405 767 425)
(817 633 836 649)
(741 49 759 67)
(923 715 944 738)
(398 358 410 383)
(625 662 648 690)
(38 49 51 71)
(230 800 252 823)
(127 112 142 140)
(229 240 256 252)
(699 80 721 106)
(877 525 898 538)
(266 741 283 762)
(297 379 308 392)
(103 469 118 493)
(955 761 974 785)
(371 244 398 267)
(813 964 831 987)
(887 857 908 886)
(582 337 601 357)
(209 439 234 453)
(560 186 574 204)
(18 340 41 353)
(659 347 680 369)
(923 928 952 944)
(776 916 790 940)
(296 143 309 156)
(26 912 49 930)
(980 326 995 339)
(628 910 640 931)
(454 356 475 374)
(74 368 87 390)
(6 657 34 674)
(595 719 615 748)
(934 75 957 98)
(618 337 642 350)
(777 632 794 643)
(247 164 276 185)
(625 920 639 947)
(0 376 25 401)
(252 176 277 193)
(772 262 800 279)
(264 385 282 399)
(181 819 202 843)
(326 192 343 210)
(392 611 407 640)
(625 815 635 825)
(191 760 211 774)
(398 582 422 608)
(328 837 356 849)
(728 617 751 628)
(835 357 850 367)
(69 941 84 951)
(811 957 832 972)
(92 796 104 816)
(652 972 666 984)
(133 766 154 786)
(550 169 574 192)
(515 985 537 996)
(980 12 990 27)
(754 945 780 963)
(855 418 865 446)
(971 846 991 868)
(6 135 26 145)
(449 751 461 769)
(704 428 730 444)
(571 210 598 225)
(498 4 508 17)
(745 299 767 312)
(341 852 360 865)
(26 663 54 681)
(864 42 884 57)
(135 148 159 176)
(256 215 268 243)
(467 499 489 510)
(836 259 848 270)
(46 879 73 901)
(498 950 525 975)
(973 645 996 669)
(752 417 757 422)
(136 97 148 117)
(660 170 674 189)
(351 819 370 845)
(556 363 585 392)
(566 381 579 404)
(780 721 808 731)
(799 945 812 974)
(874 135 894 149)
(47 158 63 168)
(426 611 438 632)
(864 334 890 358)
(356 905 383 915)
(503 522 516 543)
(187 965 209 976)
(591 774 602 793)
(764 192 779 205)
(935 563 953 589)
(772 413 792 432)
(975 365 993 394)
(355 652 368 681)
(665 35 679 54)
(291 136 318 162)
(335 341 355 354)
(26 146 51 171)
(305 593 324 613)
(330 702 349 717)
(589 605 610 618)
(250 867 279 879)
(854 124 881 137)
(266 582 286 594)
(520 445 535 463)
(11 744 23 761)
(92 624 120 638)
(181 307 205 336)
(397 815 420 843)
(319 51 339 62)
(922 705 933 726)
(300 755 319 769)
(331 987 348 995)
(832 634 852 646)
(576 38 593 63)
(923 402 945 413)
(544 898 568 919)
(369 15 390 39)
(141 130 151 158)
(711 333 733 359)
(390 881 419 894)
(975 0 989 17)
(863 703 885 724)
(68 658 96 673)
(934 919 955 946)
(941 476 956 494)
(547 12 560 34)
(455 440 481 461)
(443 348 467 368)
(663 137 675 147)
(239 727 261 740)
(465 762 475 775)
(142 7 166 29)
(519 829 529 857)
(851 784 876 805)
(515 319 531 329)
(74 437 92 458)
(117 123 136 150)
(220 354 245 381)
(797 320 822 340)
(437 711 456 732)
(860 780 879 803)
(273 920 286 940)
(658 34 673 46)
(890 17 911 36)
(836 120 859 139)
(896 300 924 312)
(969 247 980 272)
(185 238 195 261)
(895 5 909 31)
(971 948 993 960)
(960 77 971 91)
(461 93 472 119)
(757 448 772 458)
(714 411 743 422)
(847 205 851 212)
(972 625 989 652)
(749 64 766 88)
(732 397 761 410)
(329 579 347 591)
(25 208 48 218)
(689 205 706 224)
(698 553 723 576)
(267 258 281 276)
(634 182 651 200)
(203 51 217 72)
(643 829 669 851)
(791 959 820 988)
(934 3 962 13)
(239 748 259 762)
(210 767 235 783)
(207 932 227 946)
(811 93 833 114)
(628 425 646 452)
(591 716 610 728)
(856 42 875 54)
(635 313 659 339)
(626 186 637 198)
(438 712 460 739)
(111 736 132 746)
(332 452 352 462)
(202 426 223 443)
(445 613 473 634)
(169 741 189 757)
(807 114 836 138)
(208 649 225 668)
(627 593 652 603)
(28 815 48 840)
(354 701 361 711)
(970 852 983 872)
(348 99 359 120)
(449 840 470 869)
(437 706 461 729)
(742 100 754 129)
(481 166 493 177)
(332 392 345 420)
(557 718 581 738)
(819 876 844 892)
(975 324 990 350)
(26 202 36 221)
(862 76 875 99)
(792 47 811 64)
(511 305 527 318)
(794 596 819 621)
(745 556 762 573)
(227 705 247 718)
(221 87 234 101)
(922 771 949 795)
(861 720 890 730)
(729 521 752 537)
(485 495 495 516)
(26 736 55 751)
(453 26 482 46)
(361 87 389 111)
(199 667 227 682)
(47 217 75 241)
(967 538 982 553)
(725 115 745 138)
(494 900 509 911)
(320 625 340 640)
(690 511 703 521)
(430 391 442 408)
(949 467 976 490)
(857 50 868 69)
(502 480 524 498)
(64 170 92 195)
(971 542 978 546)
(917 337 929 352)
(0 877 11 889)
(453 62 477 90)
(861 544 876 559)
(750 751 772 762)
(939 382 963 403)
(761 188 771 215)
(168 467 189 486)
(743 937 761 947)
(790 118 804 140)
(760 384 784 413)
(83 367 112 387)
(89 672 111 693)
(354 184 374 203)
(206 204 219 224)
(338 563 352 591)
(918 167 944 185)
(631 788 659 801)
(89 332 96 347)
(441 390 459 404)
(305 961 331 971)
(637 722 661 738)
(543 851 558 861)
(387 604 397 628)
(410 950 429 975)
(750 306 774 335)
(422 473 446 499)
(947 731 967 743)
(328 420 353 447)
(488 893 505 913)
(462 777 481 798)
(234 682 249 702)
(867 12 882 31)
(434 879 448 902)
(671 347 689 366)
(770 299 793 323)
(193 753 218 766)
(321 754 332 766)
(402 560 421 578)
(430 688 455 714)
(42 374 56 392)
(186 927 206 946)
(477 497 492 520)
(516 777 541 800)
(65 113 89 134)
(291 167 306 196)
(898 461 925 477)
(337 106 354 126)
(336 344 346 366)
(137 706 166 724)
(552 704 569 722)
(144 821 173 834)
(213 106 234 127)
(482 193 499 215)
(329 984 358 999)
(28 264 49 293)
(960 431 974 454)
(196 674 212 695)
(310 31 329 56)
(98 344 123 359)
(762 103 773 119)
(315 723 326 736)
(872 9 888 34)
(172 289 198 308)
(341 471 351 482)
(500 630 522 655)
(405 701 431 728)
(480 339 491 343)
(736 251 763 275)
(948 275 960 293)
(823 578 849 598)
(503 0 517 19)
(336 533 364 546)
(498 736 526 764)
(749 210 775 237)
(810 40 831 60)
(283 282 295 306)
(498 33 512 45)
(594 490 620 510)
(764 783 783 794)
(219 329 246 345)
(445 492 461 504)
(578 788 594 806)
(323 826 344 839)
(65 222 87 240)
(642 750 661 770)
(933 387 955 406)
(144 322 169 335)
(173 923 187 947)
(637 45 663 59)
(21 559 44 587)
(646 880 656 906)
(495 899 518 928)
(416 842 439 862)
(621 121 634 140)
(978 239 995 266)
(724 627 745 640)
(503 751 521 756)
(559 84 573 99)
(904 786 926 812)
(62 691 74 716)
(50 499 64 521)
(474 367 500 385)
(290 508 307 524)
(274 895 286 921)
(654 734 670 753)
(131 167 160 183)
(818 739 837 762)
(586 269 605 286)
(690 760 718 785)
(214 691 229 709)
(858 30 872 48)
(357 202 378 225)
(452 2 475 31)
(978 663 990 675)
(362 853 385 865)
(288 299 302 313)
(680 750 695 760)
(906 953 925 970)
(369 496 380 514)
(555 827 574 855)
(614 95 629 113)
(227 755 247 776)
(942 548 970 558)
(908 314 925 342)
(643 0 655 22)
(26 668 37 679)
(124 50 134 71)
(465 174 488 192)
(22 197 48 220)
(711 854 728 883)
(266 541 289 555)
(300 872 319 894)
(977 101 995 123)
(523 960 538 989)
(387 90 398 108)
(262 264 277 289)
(177 155 206 167)
(132 161 155 187)
(46 769 70 788)
(840 51 855 69)
(273 401 296 426)
(392 580 410 605)
(74 380 80 386)
(709 25 720 41)
(223 201 237 229)
(25 115 37 143)
(36 351 58 377)
(540 596 550 616)
(703 772 732 794)
(51 668 74 694)
(181 212 209 223)
(376 2 404 26)
(654 34 683 46)
(792 716 810 743)
(390 634 406 648)
(303 945 324 967)
(754 123 771 134)
(565 594 584 610)
(699 871 719 894)
(363 74 375 98)
(275 388 297 413)
(776 557 802 577)
(683 847 695 868)
(599 848 621 858)
(78 599 102 620)
(123 565 152 581)
(232 712 256 732)
(392 862 403 889)
(199 104 223 122)
(36 609 56 633)
(755 478 778 494)
(136 772 149 782)
(13 977 41 993)
(575 423 589 444)
(720 586 746 597)
(948 907 956 919)
(221 730 248 750)
(28 352 54 363)
(129 777 153 795)
(454 857 479 880)
(53 457 65 470)
(607 558 632 568)
(71 839 81 865)
(174 755 186 775)
(290 251 302 275)
(142 351 163 373)
(476 376 505 386)
(972 770 999 798)
(488 214 514 228)
(87 785 102 803)
(638 11 657 39)
(896 977 907 993)
(96 948 123 972)
(135 371 145 394)
(815 113 839 137)
(263 820 288 839)
(943 140 972 163)
(546 30 558 45)
(278 379 289 405)
(239 494 266 511)
(43 542 58 546)
(847 84 868 94)
(54 681 78 697)
(665 121 684 147)
(473 90 485 100)
(284 224 313 248)
(271 969 293 982)
(893 324 907 338)
(892 510 902 527)
(827 808 843 828)
(559 53 577 77)
(839 105 868 134)
(691 970 711 986)
(821 736 837 746)
(583 212 612 234)
(348 850 359 875)
(180 520 194 542)
(824 92 850 121)
(632 174 642 201)
(822 95 851 114)
(940 563 951 579)
(825 837 852 865)
(601 429 619 444)
(700 453 717 468)
(901 96 925 110)
(617 62 640 73)
(738 575 753 592)
(605 593 632 608)
(802 865 827 879)
(564 594 577 611)
(33 52 45 66)
(112 152 125 163)
(757 392 777 420)
(520 317 530 327)
(746 9 757 32)
(291 53 312 67)
(554 93 571 120)
(596 172 611 200)
(441 878 454 892)
(802 424 830 438)
(293 188 316 217)
(539 108 561 123)
(296 293 316 318)
(290 523 317 549)
(700 852 716 878)
(919 478 942 499)
(664 850 679 863)
(72 612 99 639)
(872 73 887 96)
(891 7 912 17)
(754 381 775 396)
(670 38 697 54)
(269 327 293 349)
(735 619 759 640)
(632 338 659 350)
(178 346 192 374)
(656 599 676 611)
(94 494 114 509)
(393 960 406 976)
(887 265 905 278)
(362 337 372 365)
(890 192 914 220)
(599 973 612 990)
(61 316 86 344)
(647 28 666 52)
(194 649 223 673)
(43 36 67 54)
(147 396 176 412)
(70 372 89 397)
(305 758 318 768)
(281 165 292 186)
(317 838 332 852)
(216 333 245 347)
(19 984 31 997)
(17 894 43 906)
(174 386 186 413)
(180 743 195 753)
(75 855 90 876)
(946 533 975 556)
(477 511 494 533)
(519 480 542 492)
(775 272 796 297)
(510 332 538 356)
(900 26 924 38)
(605 343 634 366)
(216 860 245 886)
(200 263 215 280)
(343 313 360 323)
(407 472 420 483)
(780 175 794 197)
(852 214 873 234)
(477 699 501 716)
(593 598 617 623)
(798 308 825 336)
(740 38 751 51)
(222 492 249 516)
(740 757 751 782)
(635 850 658 862)
(295 17 324 44)
(297 388 311 399)
(753 78 780 107)
(216 681 228 708)
(273 530 287 556)
(815 40 842 59)
(869 594 886 616)
(265 972 287 990)
(904 568 925 584)
(824 386 852 409)
(727 448 746 473)
(516 639 530 653)
(287 365 306 394)
(701 889 713 902)
(25 896 33 902)
(321 624 333 638)
(600 282 616 298)
(952 399 962 416)
(41 609 70 622)
(489 605 503 634)
(361 493 379 505)
(316 357 328 385)
(714 401 724 412)
(194 927 220 947)
(952 280 962 297)
(960 208 982 237)
(744 225 761 245)
(787 931 805 955)
(863 939 886 959)
(548 201 563 224)
(262 362 284 387)
(297 651 313 665)
(454 753 478 780)
(772 900 789 918)
(375 737 392 760)
(209 216 232 245)
(487 280 505 295)
(847 71 859 94)
(808 688 823 717)
(593 599 611 612)
(633 977 661 987)
(585 277 598 293)
(632 722 650 733)
(320 931 345 952)
(866 693 884 707)
(136 797 162 826)
(249 705 261 710)
(851 460 874 487)
(114 148 135 161)
(970 756 999 773)
(213 434 241 457)
(105 505 133 516)
(334 666 347 679)
(162 208 185 225)
(671 397 688 422)
(729 47 757 67)
(959 868 977 896)
(69 829 86 852)
(473 795 484 809)
(359 637 388 649)
(349 205 359 217)
(430 488 448 506)
(924 35 940 53)
(712 27 716 37)
(894 278 907 304)
(66 321 82 327)
(311 375 324 395)
(821 803 832 820)
(28 147 50 167)
(165 932 185 950)
(254 895 266 905)
(307 837 335 866)
(705 206 723 224)
(102 283 128 308)
(444 620 458 644)
(652 758 664 775)
(210 334 224 361)
(948 557 972 568)
(51 708 68 722)
(190 475 219 492)
(665 778 678 795)
(337 475 362 501)
(533 521 556 535)
(35 347 64 370)
(109 342 132 356)
(892 869 920 895)
(325 944 335 970)
(22 195 36 221)
(46 714 70 725)
(617 337 629 362)
(98 950 120 969)
(823 492 836 521)
(853 264 863 282)
(410 843 438 872)
(207 654 221 676)
(736 22 754 37)
(173 963 202 975)
(5 878 32 891)
(906 949 923 976)
(868 82 882 98)
(517 967 530 987)
(606 958 632 974)
(206 691 221 712)
(254 909 275 922)
(428 123 448 133)
(547 100 557 126)
(67 452 96 467)
(833 811 851 837)
(561 636 585 649)
(701 748 729 768)
(766 432 790 447)
(869 31 885 45)
(935 471 954 490)
(343 465 358 476)
(630 458 659 470)
(30 919 36 924)
(494 40 511 58)
(599 671 622 684)
(506 103 526 120)
(104 56 127 67)
(110 154 123 169)
(508 36 525 54)
(24 128 39 149)
(214 676 230 703)
(265 894 283 918)
(158 226 187 245)
(79 505 106 530)
(4 670 15 686)
(912 838 939 863)
(277 352 293 374)
(661 399 672 421)
(410 461 430 485)
(261 220 288 238)
(396 116 406 129)
(313 839 337 851)
(784 329 789 340)
(217 475 246 498)
(938 56 949 66)
(468 86 494 100)
(920 396 946 414)
(895 469 905 480)
(821 483 832 507)
(862 663 881 673)
(904 93 922 113)
(195 803 217 825)
(40 327 67 346)
(16 47 34 66)
(344 854 356 862)
(551 510 569 522)
(100 299 119 325)
(195 426 206 443)
(541 379 559 402)
(759 712 769 737)
(708 858 712 871)
(30 937 54 947)
(346 318 357 334)
(452 667 463 688)
(477 202 487 217)
(16 747 29 762)
(15 55 25 65)
(718 907 743 932)
(790 128 812 151)
(226 692 253 714)
(322 759 333 777)
(458 918 484 930)
(308 34 319 52)
(523 802 549 828)
(549 107 553 120)
(909 597 930 626)
(332 488 344 504)
(937 897 964 923)
(905 971 915 999)
(558 643 581 672)
(590 961 600 989)
(830 264 846 276)
(773 323 800 351)
(941 85 950 94)
(753 477 765 502)
(905 402 930 415)
(877 51 904 61)
(149 706 169 717)
(162 517 191 545)
(634 755 656 771)
(80 809 106 836)
(22 384 37 394)
(882 659 903 687)
(23 131 51 158)
(205 529 221 547)
(512 822 540 843)
(278 412 306 434)
(508 627 537 637)
(569 74 594 89)
(495 610 512 624)
(659 334 669 360)
(980 801 994 824)
(851 408 863 422)
(726 871 753 890)
(175 972 195 984)
(97 578 108 593)
(75 265 93 287)
(737 838 749 848)
(976 569 997 580)
(255 584 283 596)
(963 919 977 941)
(369 65 390 94)
(916 563 939 576)
(208 376 237 400)
(85 268 101 280)
(300 424 318 444)
(581 295 601 322)
(827 840 848 860)
(580 436 600 451)
(341 405 351 423)
(560 78 570 89)
(120 4 149 30)
(543 607 558 622)
(1 845 11 859)
(257 731 278 752)
(70 779 82 789)
(21 565 31 585)
(175 207 186 226)
(350 853 356 867)
(824 545 836 558)
(431 64 459 92)
(451 677 461 687)
(445 678 462 701)
(73 193 83 207)
(650 794 673 810)
(264 966 281 994)
(320 425 347 448)
(74 695 90 716)
(340 944 368 954)
(333 469 357 498)
(686 542 708 570)
(496 39 517 60)
(869 923 883 944)
(871 907 897 932)
(84 330 105 351)
(329 714 353 736)
(813 474 828 499)
(761 550 784 575)
(698 352 726 363)
(531 16 550 26)
(312 503 331 528)
(297 302 317 326)
(476 801 489 823)
(350 539 366 550)
(480 788 496 805)
(316 881 329 899)
(975 365 994 393)
(84 89 103 106)
(616 542 626 566)
(931 532 958 558)
(601 673 618 680)
(874 135 900 152)
(532 180 555 196)
(476 2 505 20)
(97 435 115 460)
(812 812 817 822)
(865 63 882 83)
(913 158 934 173)
(78 412 94 435)
(864 137 877 148)
(385 637 409 656)
(122 494 137 522)
(942 101 971 122)
(288 153 315 168)
(802 898 825 915)
(447 182 471 192)
(598 599 608 621)
(622 812 635 830)
(685 850 691 864)
(656 523 678 548)
(904 109 929 121)
(28 139 35 150)
(23 809 48 829)
(391 954 403 971)
(474 19 488 41)
(204 579 224 602)
(314 863 336 888)
(573 235 589 249)
(520 446 535 458)
(355 662 372 681)
(70 408 97 434)
(769 519 787 536)
(554 905 558 910)
(948 834 977 847)
(276 856 297 880)
(975 453 992 477)
(735 723 762 738)
(82 397 102 415)
(162 500 176 528)
(411 88 423 112)
(830 703 852 728)
(227 862 250 873)
(523 78 538 104)
(363 876 376 905)
(741 767 767 795)
(934 379 947 408)
(13 541 40 568)
(738 521 748 534)
(253 967 269 979)
(440 729 455 753)
(245 491 267 505)
(405 69 423 90)
(303 207 327 236)
(896 72 908 100)
(704 440 721 459)
(666 157 680 185)
(229 742 240 756)
(964 880 987 896)
(855 20 884 49)
(307 590 326 603)
(79 340 105 359)
(315 591 326 605)
(216 651 231 664)
(575 387 594 401)
(17 416 36 439)
(132 32 151 55)
(146 316 170 337)
(121 131 139 153)
(921 835 945 848)
(233 42 249 66)
(215 80 237 93)
(624 808 641 823)
(805 807 821 826)
(845 195 858 222)
(119 20 140 40)
(596 950 614 969)
(904 203 930 215)
(176 150 186 178)
(436 759 452 775)
(949 388 978 409)
(643 532 659 556)
(279 411 304 436)
(865 141 876 160)
(755 752 768 777)
(189 346 199 369)
(928 599 945 627)
(935 376 949 401)
(68 585 78 610)
(940 553 961 580)
(586 944 607 968)
(216 58 244 85)
(760 390 786 413)
(7 843 22 854)
(772 529 783 546)
(453 774 463 784)
(148 216 170 234)
(481 514 506 533)
(972 755 992 777)
(80 425 91 431)
(641 289 660 306)
(750 412 760 430)
(17 142 42 153)
(434 431 447 444)
(301 602 312 621)
(664 736 681 759)
(152 222 173 238)
(555 234 577 251)
(816 387 834 400)
(783 165 800 188)
(397 681 409 707)
(83 339 96 354)
(402 447 422 468)
(201 95 211 117)
(784 256 812 266)
(58 374 80 389)
(213 472 227 482)
(807 59 823 82)
(126 26 151 52)
(888 493 901 513)
(613 421 640 436)
(361 815 390 828)
(656 175 666 201)
(962 429 983 447)
(884 922 899 945)
(931 179 945 191)
(830 838 844 856)
(154 201 169 218)
(19 962 46 986)
(536 929 551 939)
(225 864 241 885)
(956 390 978 401)
(18 915 45 940)
(153 487 181 503)
(470 261 493 284)
(384 530 404 547)
(218 873 236 894)
(829 416 854 438)
(132 548 150 568)
(106 467 134 479)
(310 418 333 444)
(94 894 113 905)
(607 96 631 109)
(223 74 235 93)
(749 424 763 439)
(626 41 647 51)
(772 769 800 792)
(199 114 227 143)
(519 968 540 993)
(210 727 220 753)
(792 859 820 883)
(658 180 686 193)
(759 250 779 265)
(473 176 488 186)
(565 819 583 832)
(568 842 589 862)
(36 277 65 298)
(46 137 64 159)
(859 248 875 270)
(215 119 232 136)
(475 844 493 854)
(25 888 49 912)
(490 609 514 638)
(890 170 901 192)
(627 320 653 335)
(362 64 389 85)
(790 956 815 981)
(42 783 52 801)
(967 125 995 144)
(938 706 964 723)
(365 888 370 899)
(777 562 803 586)
(166 188 194 217)
(136 492 163 510)
(756 112 781 124)
(121 102 133 131)
(225 704 252 717)
(312 775 337 785)
(413 851 425 865)
(75 579 103 603)
(817 682 844 694)
(212 546 236 560)
(419 207 443 219)
(862 575 888 601)
(611 580 626 608)
(571 607 599 633)
(164 401 186 426)
(143 491 169 505)
(962 565 981 589)
(723 759 742 783)
(787 615 797 630)
(181 943 209 953)
(246 692 265 717)
(947 551 974 577)
(294 57 312 74)
(752 897 778 917)
(745 3 774 22)
(420 613 439 625)
(433 226 462 238)
(966 840 994 857)
(780 434 790 450)
(684 241 701 264)
(357 91 367 119)
(688 75 708 104)
(262 497 272 522)
(88 777 115 798)
(671 977 693 987)
(298 759 317 783)
(663 349 683 372)
(525 109 548 137)
(841 837 861 857)
(147 161 166 176)
(75 161 101 182)
(222 635 245 663)
(839 688 866 715)
(819 295 839 323)
(77 378 104 401)
(38 342 65 353)
(934 46 948 64)
(164 323 180 342)
(198 482 214 498)
(225 713 251 731)
(292 515 310 533)
(915 38 926 61)
(924 121 939 150)
(800 465 823 480)
(215 733 227 758)
(362 354 385 383)
(962 547 986 572)
(477 912 497 934)
(518 3 541 17)
(398 929 419 958)
(603 70 619 85)
(425 212 450 232)
(753 89 781 114)
(910 975 939 998)
(917 113 938 138)
(279 881 306 908)
(84 351 102 361)
(451 26 464 46)
(164 240 190 254)
(578 348 606 373)
(472 795 487 805)
(762 924 786 936)
(524 792 548 805)
(708 892 730 909)
(50 345 66 356)
(446 763 461 784)
(639 794 661 807)
(626 587 641 601)
(54 514 70 529)
(653 39 669 67)
(337 441 366 462)
(499 323 519 350)
(18 42 43 58)
(130 787 140 801)
(801 246 822 273)
(776 628 795 651)
(826 359 843 372)
(666 973 678 999)
(234 662 263 681)
(875 659 886 670)
(607 474 618 500)
(546 858 556 872)
(645 745 668 763)
(387 293 408 313)
(347 692 375 718)
(341 630 362 643)
(604 405 621 434)
(599 576 619 599)
(793 948 804 977)
(167 734 179 747)
(917 167 933 182)
(717 866 738 880)
(617 177 636 191)
(870 325 884 339)
(318 568 329 594)
(396 14 425 25)
(176 934 196 952)
(857 665 886 680)
(849 465 878 488)
(433 128 453 146)
(137 113 164 135)
(333 838 359 860)
(735 64 750 82)
(153 375 176 399)
(416 214 437 236)
(17 122 34 146)
(736 44 754 56)
(14 970 42 982)
(233 342 250 366)
(446 410 463 434)
(308 708 335 731)
